sr_6_1: 2
sr_9_0: 5
sr_15_0: 9
sr_25_0: 6
sr_27_0: 4
sr_45_0: 30
sr_81_0: 61
sr_135_0: 106
sr_157_0: 94400
sr_192_0: 62
sr_243_0: 203
sr_330_0: 29
sr_405_0: 346
sr_448_0: 158
sr_450_0: 420
sr_450_1: 420
sr_450_2: 420
sr_450_3: 420
sr_450_4: 420
sr_495_0: 26
sr_500_0: 5
sr_500_1: 5
sr_500_2: 5
sr_500_3: 5
sr_500_4: 5
sr_595_0: 560
sr_595_1: 564
sr_595_2: 560
sr_595_3: 560
sr_595_4: 566
sc_715_0: 29
sc_729_0: 652
sc_760_0: 726
sc_760_1: 726
sc_760_2: 726
sc_760_3: 726
sc_760_4: 727
sc_945_0: 908
sc_945_1: 908
sc_945_2: 908
sc_945_3: 907
sc_945_4: 909
sc_1000_0: 514
sc_1000_1: 429
sc_1000_2: 512
sc_1000_3: 516
sc_1000_4: 494
sc_1000_5: 512
sc_1000_6: 560
sc_1000_7: 430
sc_1000_8: 492
sc_1000_9: 641
sc_1000_10: 138
sc_1000_11: 146
sc_1000_12: 145
sc_1000_13: 131
sc_1000_14: 161
sc_1024_0: 388
sc_1150_0: 1105
sc_1150_1: 1107
sc_1150_2: 1107
sc_1150_3: 1109
sc_1150_4: 1108
sc_1165_0: 2.72583e+07
sc_1215_0: 1089
sc_1272_0: 1230
sc_1272_1: 1229
sc_1272_2: 1230
sc_1272_3: 1229
sc_1272_4: 1230
sc_1400_0: 1355
sc_1400_1: 1353
sc_1400_2: 1355
sc_1400_3: 1353
sc_1400_4: 1352
sc_1534_0: 1481
sc_1534_1: 1481
sc_1534_2: 1483
sc_1534_3: 1483
sc_1534_4: 1483
sc_2000_0: 265
sc_2000_1: 253
sc_2000_2: 302
sc_2000_3: 226
sc_2000_4: 242
sc_2000_5: 211
sc_2000_6: 213
sc_2000_7: 293
sc_2000_8: 288
sc_2000_9: 279
sc_2187_0: 0
sc_2241_0: 27947
sc_2304_0: 885
sc_3000_0: 253
sc_3000_1: 252
sc_3000_2: 232
sc_3000_3: 234
sc_3000_4: 236
sc_3000_5: 69
sc_3000_6: 76
sc_3000_7: 80
sc_3000_8: 79
sc_3000_9: 72
sc_3095_0: 34912
sc_3202_0: 32317
sc_3314_0: 36782
sc_3425_0: 31612
sc_3558_0: 32752
sc_3701_0: 34409
sc_3868_0: 33219
sc_4000_0: 227
sc_4000_1: 219
sc_4000_2: 243
sc_4000_3: 219
sc_4000_4: 215
sc_4000_5: 60
sc_4000_6: 66
sc_4000_7: 72
sc_4000_8: 62
sc_4000_9: 61
sc_4025_0: 33211
sc_4208_0: 30809
sc_4413_0: 35384
sc_5000_0: 29
sc_5000_1: 31
sc_5000_2: 29
sc_5000_3: 29
sc_5000_4: 29
sc_5000_5: 15
sc_5000_6: 15
sc_5000_7: 14
sc_5000_8: 14
sc_5000_9: 15
sc_5120_0: 2138
sc_6931_0: 1.26201e+07
sc_6951_0: 37464
sc_7435_0: 31623
sc_8002_0: 34573
sc_8661_0: 33155
sc_8661_1: 30684
sc_9524_0: 67760
sc_10000_0: 192
sc_10000_1: 163
sc_10000_2: 171
sc_10000_3: 172
sc_10000_4: 180
sc_10000_5: 67
sc_10000_6: 66
sc_10000_7: 66
sc_10000_8: 63
sc_10370_0: 7.33884e+06
sc_11264_0: 0
sc_18753_0: 1.44955e+07
sc_25032_0: 5.26219e+06
sc_47311_0: 223
sc_55515_0: 291
sc_63009_0: 240
sc_920683_0: 0
sc_968672_0: 0
sc_1081841_0: 0
sc_1092610_0: 0


